"n","q","B2","s2","x.mean","x.shape","c.shape","specify.x.gamma","specify.c.gamma","mx","mc","my","seed","Bor.B1","Bor.B2","Bor.B3","Bcc.B1","Bcc.B2","Bcc.B3","Bml.B1","Bml.B2","Bml.B3","Bsp.B1","Bsp.B2","Bsp.B3"
4000,0.5,0.2,0.09,0.5,2,2,1,1,100,15,3,8000001,1.00362692272756,0.193215207604372,-2.40133988788536,1.00004762934167,0.173777948875051,-2.3898247903119,0.993878060138098,0.215386584643439,-2.41010748413533,0.999826323616028,0.174576620549033,-2.38981590486918
4000,0.7,0.2,0.09,0.5,2,2,1,1,100,15,3,8000001,1.00362692272756,0.193215207604372,-2.40133988200342,1.00152649359323,0.191192513794858,-2.40582972136784,1.00162941196429,0.20308928698581,-2.39928976597991,1.00088007906604,0.194280824986569,-2.40589328684938
4000,0.5,0.2,0.09,0.5,2,2,0,1,100,15,3,8000001,1.00362692272756,0.193215207604372,-2.40133988788536,1.00004762934167,0.173777948875051,-2.3898247903119,1.00485953411388,0.159101671514673,-2.4222096252498,1.00023861537595,0.173245517164342,-2.3898156066792
4000,0.7,0.2,0.09,0.5,2,2,0,1,100,15,3,8000001,1.00362692272756,0.193215207604372,-2.40133988200342,1.00152649359323,0.191192513794858,-2.40582972136784,1.01476640934429,0.124223664341789,-2.4074732354445,1.00477121605239,0.178563517816227,-2.40585398868507
4000,0.5,0.2,0.09,0.5,2,2,1,0,100,15,3,8000001,1.00362692272756,0.193215207604372,-2.40133988788536,1.00004762934167,0.173777948875051,-2.3898247903119,0.993878060138098,0.215386584643439,-2.41010748413533,0.999892628169951,0.174453993707488,-2.38980625859995
4000,0.7,0.2,0.09,0.5,2,2,1,0,100,15,3,8000001,1.00362692272756,0.193215207604372,-2.40133988200342,1.00152649359323,0.191192513794858,-2.40582972136784,1.00162941196429,0.20308928698581,-2.39928976597991,1.00090560900023,0.194342281955667,-2.4058785630286
4000,0.5,0.2,0.09,0.5,2,2,0,0,100,15,3,8000001,1.00362692272756,0.193215207604372,-2.40133988788536,1.00004762934167,0.173777948875051,-2.3898247903119,1.00485953411388,0.159101671514673,-2.4222096252498,1.00016931055574,0.173519052436181,-2.38979140422643
4000,0.7,0.2,0.09,0.5,2,2,0,0,100,15,3,8000001,1.00362692272756,0.193215207604372,-2.40133988200342,1.00152649359323,0.191192513794858,-2.40582972136784,1.01476640934429,0.124223664341789,-2.4074732354445,1.00485350424176,0.177912847431757,-2.40583913705108
4000,0.5,0.2,0.09,0.5,2,2,1,1,100,15,3,8000002,1.0009675366829,0.188910183772238,-2.41978019019632,0.985412392851661,0.205261974503217,-2.4219970506983,0.990126229389827,0.209011918772448,-2.43126177701906,0.985352844496568,0.205489323739248,-2.42197805297461
4000,0.7,0.2,0.09,0.5,2,2,1,1,100,15,3,8000002,1.0009675366829,0.188910183772238,-2.41978019019644,0.965429147850879,0.288666541187215,-2.45279000682229,0.984749904414685,0.221404411847583,-2.43741948187975,0.966114483295989,0.286005745636154,-2.45272190536747
4000,0.5,0.2,0.09,0.5,2,2,0,1,100,15,3,8000002,1.0009675366829,0.188910183772238,-2.41978019019632,0.985412392851661,0.205261974503217,-2.4219970506983,1.00043658418055,0.157269120813351,-2.44137817551285,0.985807690840199,0.204098358382621,-2.42197408932647
4000,0.7,0.2,0.09,0.5,2,2,0,1,100,15,3,8000002,1.0009675366829,0.188910183772238,-2.41978019019644,0.965429147850879,0.288666541187215,-2.45279000682229,0.999146907252337,0.140199557503042,-2.44453695452277,0.969279752929904,0.274117645180201,-2.4527216825933
4000,0.5,0.2,0.09,0.5,2,2,1,0,100,15,3,8000002,1.0009675366829,0.188910183772238,-2.41978019019632,0.985412392851661,0.205261974503217,-2.4219970506983,0.990126229389827,0.209011918772448,-2.43126177701906,0.985351238503076,0.205547196094998,-2.42197777838074
4000,0.7,0.2,0.09,0.5,2,2,1,0,100,15,3,8000002,1.0009675366829,0.188910183772238,-2.41978019019644,0.965429147850879,0.288666541187215,-2.45279000682229,0.984749904414685,0.221404411847583,-2.43741948187975,0.965959551875638,0.286522492925629,-2.45273565337497
4000,0.5,0.2,0.09,0.5,2,2,0,0,100,15,3,8000002,1.0009675366829,0.188910183772238,-2.41978019019632,0.985412392851661,0.205261974503217,-2.4219970506983,1.00043658418055,0.157269120813351,-2.44137817551285,0.98572176452794,0.204374607832429,-2.42195637221271
4000,0.7,0.2,0.09,0.5,2,2,0,0,100,15,3,8000002,1.0009675366829,0.188910183772238,-2.41978019019644,0.965429147850879,0.288666541187215,-2.45279000682229,0.999146907252337,0.140199557503042,-2.44453695452277,0.969380221054065,0.272983326480584,-2.45269565156564
4000,0.5,0.2,0.09,0.5,2,2,1,1,100,15,3,8000003,1.00229778858551,0.181202436315745,-2.41628715015538,1.00234440881841,0.204046042620152,-2.41030768496151,1.00522337992781,0.175506296233486,-2.41168646005734,1.00232257492305,0.204224626352392,-2.41027240491478
4000,0.7,0.2,0.09,0.5,2,2,1,1,100,15,3,8000003,1.00229778858551,0.181202436315745,-2.41628715015782,1.00805057389113,0.162214776677591,-2.39249544381945,0.998027117428497,0.189640316353116,-2.41843833340922,1.00745587075378,0.165150536611445,-2.39238558662949
4000,0.5,0.2,0.09,0.5,2,2,0,1,100,15,3,8000003,1.00229778858551,0.181202436315745,-2.41628715015538,1.00234440881841,0.204046042620152,-2.41030768496151,1.01720587619211,0.12778572241274,-2.4127723710557,1.00264785116229,0.203269229803008,-2.4102816941792
4000,0.7,0.2,0.09,0.5,2,2,0,1,100,15,3,8000003,1.00229778858551,0.181202436315745,-2.41628715015782,1.00805057389113,0.162214776677591,-2.39249544381945,1.01150999226097,0.120770833183486,-2.41992832898179,1.00953803375854,0.156624501937332,-2.3924487138779
4000,0.5,0.2,0.09,0.5,2,2,1,0,100,15,3,8000003,1.00229778858551,0.181202436315745,-2.41628715015538,1.00234440881841,0.204046042620152,-2.41030768496151,1.00522337992781,0.175506296233486,-2.41168646005734,1.00234958594992,0.204123197593134,-2.4102772098248
4000,0.7,0.2,0.09,0.5,2,2,1,0,100,15,3,8000003,1.00229778858551,0.181202436315745,-2.41628715015782,1.00805057389113,0.162214776677591,-2.39249544381945,0.998027117428497,0.189640316353116,-2.41843833340922,1.00754565592155,0.164866314419318,-2.39240369547008
4000,0.5,0.2,0.09,0.5,2,2,0,0,100,15,3,8000003,1.00229778858551,0.181202436315745,-2.41628715015538,1.00234440881841,0.204046042620152,-2.41030768496151,1.01720587619211,0.12778572241274,-2.4127723710557,1.00262514492193,0.203294011400251,-2.41026309563137
4000,0.7,0.2,0.09,0.5,2,2,0,0,100,15,3,8000003,1.00229778858551,0.181202436315745,-2.41628715015782,1.00805057389113,0.162214776677591,-2.39249544381945,1.01150999226097,0.120770833183486,-2.41992832898179,1.00958868523857,0.156302114163094,-2.39243287413799
4000,0.5,0.2,0.09,0.5,2,2,1,1,100,15,3,8000004,0.984313572058438,0.22265608349958,-2.41784324700243,0.99048769943282,0.194083037212407,-2.3744692331181,0.994120607215412,0.202360388528603,-2.40450360828635,0.990447031416036,0.194255265160404,-2.37445828425631
4000,0.7,0.2,0.09,0.5,2,2,1,1,100,15,3,8000004,0.984313572058438,0.22265608349958,-2.41784324700249,0.991044798295121,0.201062057699503,-2.37214117936306,0.997174897129533,0.197400876380645,-2.40082696658461,0.990907069339977,0.201672647658747,-2.37211524088445
4000,0.5,0.2,0.09,0.5,2,2,0,1,100,15,3,8000004,0.984313572058438,0.22265608349958,-2.41784324700243,0.99048769943282,0.194083037212407,-2.3744692331181,1.00704112582122,0.142577944751311,-2.41573970402019,0.991169747612274,0.192027255218749,-2.374454707428
4000,0.7,0.2,0.09,0.5,2,2,0,1,100,15,3,8000004,0.984313572058438,0.22265608349958,-2.41784324700249,0.991044798295121,0.201062057699503,-2.37214117936306,1.01145080012678,0.116037935716526,-2.41062677054221,0.995677311012355,0.182853627890686,-2.37203219386785
4000,0.5,0.2,0.09,0.5,2,2,1,0,100,15,3,8000004,0.984313572058438,0.22265608349958,-2.41784324700243,0.99048769943282,0.194083037212407,-2.3744692331181,0.994120607215412,0.202360388528603,-2.40450360828635,0.990414889160717,0.194469268229504,-2.37444118424422
4000,0.7,0.2,0.09,0.5,2,2,1,0,100,15,3,8000004,0.984313572058438,0.22265608349958,-2.41784324700249,0.991044798295121,0.201062057699503,-2.37214117936306,0.997174897129533,0.197400876380645,-2.40082696658461,0.990795394775248,0.202346917962801,-2.37211195451517
4000,0.5,0.2,0.09,0.5,2,2,0,0,100,15,3,8000004,0.984313572058438,0.22265608349958,-2.41784324700243,0.99048769943282,0.194083037212407,-2.3744692331181,1.00704112582122,0.142577944751311,-2.41573970402019,0.991033668747154,0.192490938756986,-2.37441473564884
4000,0.7,0.2,0.09,0.5,2,2,0,0,100,15,3,8000004,0.984313572058438,0.22265608349958,-2.41784324700249,0.991044798295121,0.201062057699503,-2.37214117936306,1.01145080012678,0.116037935716526,-2.41062677054221,0.99580202043139,0.182053769662727,-2.37200038897023
4000,0.5,0.2,0.09,0.5,2,2,1,1,100,15,3,8000005,0.991237577124135,0.218363576378955,-2.4462626875568,0.983430987706633,0.220130789262722,-2.45067881254339,0.98777598743534,0.221937331268908,-2.45146276629842,0.983299718678865,0.220649201849318,-2.45066184007708
4000,0.7,0.2,0.09,0.5,2,2,1,1,100,15,3,8000005,0.991237577124135,0.218363576378955,-2.44626268755681,0.988670650300057,0.226088392588899,-2.4779497517855,0.990499719590543,0.219647021128828,-2.44592930588074,0.987990501325037,0.229801133905877,-2.47788262436299
4000,0.5,0.2,0.09,0.5,2,2,0,1,100,15,3,8000005,0.991237577124135,0.218363576378955,-2.4462626875568,0.983430987706633,0.220130789262722,-2.45067881254339,0.998212351675942,0.167802051806974,-2.46254636342348,0.983712201194386,0.21935317249278,-2.45066056367802
4000,0.7,0.2,0.09,0.5,2,2,0,1,100,15,3,8000005,0.991237577124135,0.218363576378955,-2.44626268755681,0.988670650300057,0.226088392588899,-2.4779497517855,1.00359297240905,0.139997400618146,-2.45440453042026,0.990940009848114,0.217781039002342,-2.47794689289721
4000,0.5,0.2,0.09,0.5,2,2,1,0,100,15,3,8000005,0.991237577124135,0.218363576378955,-2.4462626875568,0.983430987706633,0.220130789262722,-2.45067881254339,0.98777598743534,0.221937331268908,-2.45146276629842,0.983327783294883,0.220591911464515,-2.45065175830317
4000,0.7,0.2,0.09,0.5,2,2,1,0,100,15,3,8000005,0.991237577124135,0.218363576378955,-2.44626268755681,0.988670650300057,0.226088392588899,-2.4779497517855,0.990499719590543,0.219647021128828,-2.44592930588074,0.988045185369014,0.229591631624971,-2.47789140667551
4000,0.5,0.2,0.09,0.5,2,2,0,0,100,15,3,8000005,0.991237577124135,0.218363576378955,-2.4462626875568,0.983430987706633,0.220130789262722,-2.45067881254339,0.998212351675942,0.167802051806974,-2.46254636342348,0.983661756356093,0.219501391347567,-2.45063499755565
4000,0.7,0.2,0.09,0.5,2,2,0,0,100,15,3,8000005,0.991237577124135,0.218363576378955,-2.44626268755681,0.988670650300057,0.226088392588899,-2.4779497517855,1.00359297240905,0.139997400618146,-2.45440453042026,0.991026817424225,0.217016908242613,-2.47793054523923
4000,0.5,0.2,0.09,0.5,2,2,1,1,100,15,3,8000006,1.00932567001031,0.199091586529279,-2.42219356084092,1.00624822181878,0.193444558669578,-2.39819980239533,1.00695010977995,0.204109513451574,-2.42486558831739,1.00629407512622,0.19331941807999,-2.39819399186852
4000,0.7,0.2,0.09,0.5,2,2,1,1,100,15,3,8000006,1.00932567001031,0.199091586529279,-2.42219356059979,0.98994384469108,0.260134810514629,-2.40675701044802,1.00580374646478,0.210220987417548,-2.42530251733457,0.991207901179992,0.254274662109597,-2.40680897315927
4000,0.5,0.2,0.09,0.5,2,2,0,1,100,15,3,8000006,1.00932567001031,0.199091586529279,-2.42219356084092,1.00624822181878,0.193444558669578,-2.39819980239533,1.01825171690794,0.150795494628995,-2.43332025325424,1.00696276165599,0.191123759662932,-2.39818378011545
4000,0.7,0.2,0.09,0.5,2,2,0,1,100,15,3,8000006,1.00932567001031,0.199091586529279,-2.42219356059979,0.98994384469108,0.260134810514629,-2.40675701044802,1.0188297589129,0.133345200038963,-2.433837288967,0.995437758160585,0.236733822935424,-2.4066220448628
4000,0.5,0.2,0.09,0.5,2,2,1,0,100,15,3,8000006,1.00932567001031,0.199091586529279,-2.42219356084092,1.00624822181878,0.193444558669578,-2.39819980239533,1.00695010977995,0.204109513451574,-2.42486558831739,1.00621945488741,0.19368066155598,-2.39818428199883
4000,0.7,0.2,0.09,0.5,2,2,1,0,100,15,3,8000006,1.00932567001031,0.199091586529279,-2.42219356059979,0.98994384469108,0.260134810514629,-2.40675701044802,1.00580374646478,0.210220987417548,-2.42530251733457,0.990947362362423,0.255552850951913,-2.40680230109682
4000,0.5,0.2,0.09,0.5,2,2,0,0,100,15,3,8000006,1.00932567001031,0.199091586529279,-2.42219356084092,1.00624822181878,0.193444558669578,-2.39819980239533,1.01825171690794,0.150795494628995,-2.43332025325424,1.00680609931511,0.191694183151099,-2.39816589255165
4000,0.7,0.2,0.09,0.5,2,2,0,0,100,15,3,8000006,1.00932567001031,0.199091586529279,-2.42219356059979,0.98994384469108,0.260134810514629,-2.40675701044802,1.0188297589129,0.133345200038963,-2.433837288967,0.995430606837455,0.236371393104992,-2.40660176964733
4000,0.5,0.2,0.09,0.5,2,2,1,1,100,15,3,8000007,0.998324685118595,0.195511217497518,-2.42156096323542,0.99354905825797,0.207437596198392,-2.41426448740797,0.998302182991025,0.198056322771555,-2.41953949125023,0.993558728761551,0.207467935798383,-2.41425944578952
4000,0.7,0.2,0.09,0.5,2,2,1,1,100,15,3,8000007,0.998324685118595,0.195511217497518,-2.42156096323456,0.985001572495706,0.233025780817349,-2.46112106832005,0.992564503503511,0.206526033573712,-2.42683933159316,0.984896961770476,0.234093751564371,-2.46122948763671
4000,0.5,0.2,0.09,0.5,2,2,0,1,100,15,3,8000007,0.998324685118595,0.195511217497518,-2.42156096323542,0.99354905825797,0.207437596198392,-2.41426448740797,1.00978005592305,0.145006744230078,-2.42673884640349,0.994026240486919,0.206033943857847,-2.41426380151406
4000,0.7,0.2,0.09,0.5,2,2,0,1,100,15,3,8000007,0.998324685118595,0.195511217497518,-2.42156096323456,0.985001572495706,0.233025780817349,-2.46112106832005,1.00426570292942,0.132648693453101,-2.43565974879614,0.988115932206672,0.221244904200385,-2.461211439828
4000,0.5,0.2,0.09,0.5,2,2,1,0,100,15,3,8000007,0.998324685118595,0.195511217497518,-2.42156096323542,0.99354905825797,0.207437596198392,-2.41426448740797,0.998302182991025,0.198056322771555,-2.41953949125023,0.993528895146005,0.207610947304191,-2.4142466432506
4000,0.7,0.2,0.09,0.5,2,2,1,0,100,15,3,8000007,0.998324685118595,0.195511217497518,-2.42156096323456,0.985001572495706,0.233025780817349,-2.46112106832005,0.992564503503511,0.206526033573712,-2.42683933159316,0.984873812167598,0.234202281712158,-2.4612125347638
4000,0.5,0.2,0.09,0.5,2,2,0,0,100,15,3,8000007,0.998324685118595,0.195511217497518,-2.42156096323542,0.99354905825797,0.207437596198392,-2.41426448740797,1.00978005592305,0.145006744230078,-2.42673884640349,0.993935014072759,0.206316473644807,-2.41423847724146
4000,0.7,0.2,0.09,0.5,2,2,0,0,100,15,3,8000007,0.998324685118595,0.195511217497518,-2.42156096323456,0.985001572495706,0.233025780817349,-2.46112106832005,1.00426570292942,0.132648693453101,-2.43565974879614,0.98819864246866,0.220379626202457,-2.46119790098585
4000,0.5,0.2,0.09,0.5,2,2,1,1,100,15,3,8000008,0.989488376969595,0.210512538353727,-2.40323452638599,0.983863104573865,0.217442283519214,-2.39397620634651,0.986369081177944,0.215520024309544,-2.40573453123022,0.983814459303698,0.21770219817133,-2.39394733095202
4000,0.7,0.2,0.09,0.5,2,2,1,1,100,15,3,8000008,0.989488376969595,0.210512538353727,-2.40323452838427,1.00474032812072,0.151009773393516,-2.39050456981625,0.996877410253877,0.191538889521984,-2.39594006778548,1.00335026287409,0.157367421501833,-2.39050225282772
4000,0.5,0.2,0.09,0.5,2,2,0,1,100,15,3,8000008,0.989488376969595,0.210512538353727,-2.40323452638599,0.983863104573865,0.217442283519214,-2.39397620634651,1.00203486607792,0.149265628116199,-2.41740697364861,0.984572296522163,0.215437974502309,-2.39395482541882
4000,0.7,0.2,0.09,0.5,2,2,0,1,100,15,3,8000008,0.989488376969595,0.210512538353727,-2.40323452838427,1.00474032812072,0.151009773393516,-2.39050456981625,1.01035823725552,0.114483849489775,-2.40700482585553,1.00736838195954,0.140738372815559,-2.39050320483045
4000,0.5,0.2,0.09,0.5,2,2,1,0,100,15,3,8000008,0.989488376969595,0.210512538353727,-2.40323452638599,0.983863104573865,0.217442283519214,-2.39397620634651,0.986369081177944,0.215520024309544,-2.40573453123022,0.983809639302407,0.217802730716534,-2.393930685206
4000,0.7,0.2,0.09,0.5,2,2,1,0,100,15,3,8000008,0.989488376969595,0.210512538353727,-2.40323452838427,1.00474032812072,0.151009773393516,-2.39050456981625,0.996877410253877,0.191538889521984,-2.39594006778548,1.00346012690449,0.157237707715568,-2.39050311804669
4000,0.5,0.2,0.09,0.5,2,2,0,0,100,15,3,8000008,0.989488376969595,0.210512538353727,-2.40323452638599,0.983863104573865,0.217442283519214,-2.39397620634651,1.00203486607792,0.149265628116199,-2.41740697364861,0.984458422334844,0.215803027707959,-2.39391296096286
4000,0.7,0.2,0.09,0.5,2,2,0,0,100,15,3,8000008,0.989488376969595,0.210512538353727,-2.40323452838427,1.00474032812072,0.151009773393516,-2.39050456981625,1.01035823725552,0.114483849489775,-2.40700482585553,1.00733740277366,0.140916937358079,-2.39049504358577
4000,0.5,0.2,0.09,0.5,2,2,1,1,100,15,3,8000009,1.00786905196905,0.200670949657779,-2.40366985034132,1.02162284728051,0.157581503960016,-2.42681837621788,1.01754853356963,0.175742693668158,-2.3953502996126,1.02145483952724,0.158234056688926,-2.42681756276646
4000,0.7,0.2,0.09,0.5,2,2,1,1,100,15,3,8000009,1.00786905196905,0.200670949657779,-2.40366984997973,1.02661127963893,0.136608808782717,-2.39461558853757,1.02133967985965,0.168052537048854,-2.39176508353137,1.0256839814588,0.140837231711874,-2.39463935839057
4000,0.5,0.2,0.09,0.5,2,2,0,1,100,15,3,8000009,1.00786905196905,0.200670949657779,-2.40366985034132,1.02162284728051,0.157581503960016,-2.42681837621788,1.02655437019032,0.130123160885299,-2.40412337144109,1.02177210680597,0.157298933560764,-2.42683302069554
4000,0.7,0.2,0.09,0.5,2,2,0,1,100,15,3,8000009,1.00786905196905,0.200670949657779,-2.40366984997973,1.02661127963893,0.136608808782717,-2.39461558853757,1.03155923933748,0.106292541154187,-2.39800564057213,1.02802092019696,0.131519214062461,-2.39464499767688
4000,0.5,0.2,0.09,0.5,2,2,1,0,100,15,3,8000009,1.00786905196905,0.200670949657779,-2.40366985034132,1.02162284728051,0.157581503960016,-2.42681837621788,1.01754853356963,0.175742693668158,-2.3953502996126,1.02150976252805,0.158153406688375,-2.42680352601014
4000,0.7,0.2,0.09,0.5,2,2,1,0,100,15,3,8000009,1.00786905196905,0.200670949657779,-2.40366984997973,1.02661127963893,0.136608808782717,-2.39461558853757,1.02133967985965,0.168052537048854,-2.39176508353137,1.02575242499768,0.140811507884597,-2.39463232657536
4000,0.5,0.2,0.09,0.5,2,2,0,0,100,15,3,8000009,1.00786905196905,0.200670949657779,-2.40366985034132,1.02162284728051,0.157581503960016,-2.42681837621788,1.02655437019032,0.130123160885299,-2.40412337144109,1.02175603934548,0.157403757163581,-2.42680476236579
4000,0.7,0.2,0.09,0.5,2,2,0,0,100,15,3,8000009,1.00786905196905,0.200670949657779,-2.40366984997973,1.02661127963893,0.136608808782717,-2.39461558853757,1.03155923933748,0.106292541154187,-2.39800564057213,1.02807559012338,0.13127584422162,-2.39463630588298
4000,0.5,0.2,0.09,0.5,2,2,1,1,100,15,3,8000010,1.00816284275492,0.194576030353452,-2.41760782615392,1.01112681540968,0.170189543564489,-2.44696776572183,1.00080180522802,0.207109291012632,-2.42705058838263,1.01090517398899,0.171027789513789,-2.44696175360555
4000,0.7,0.2,0.09,0.5,2,2,1,1,100,15,3,8000010,1.00816284275492,0.194576030353452,-2.41760782615441,0.99195397915494,0.219225260107351,-2.45273688293946,0.993920113102207,0.222172362227114,-2.43460748912838,0.991398774591293,0.221868656673512,-2.45269635374004
4000,0.5,0.2,0.09,0.5,2,2,0,1,100,15,3,8000010,1.00816284275492,0.194576030353452,-2.41760782615392,1.01112681540968,0.170189543564489,-2.44696776572183,1.01017890706413,0.160611060124897,-2.43417208425901,1.01104178247553,0.170609416373019,-2.44696591702222
4000,0.7,0.2,0.09,0.5,2,2,0,1,100,15,3,8000010,1.00816284275492,0.194576030353452,-2.41760782615441,0.99195397915494,0.219225260107351,-2.45273688293946,1.00548777869993,0.150462039526791,-2.44160208459155,0.993761893262623,0.212509046237423,-2.4527318930584
4000,0.5,0.2,0.09,0.5,2,2,1,0,100,15,3,8000010,1.00816284275492,0.194576030353452,-2.41760782615392,1.01112681540968,0.170189543564489,-2.44696776572183,1.00080180522802,0.207109291012632,-2.42705058838263,1.01099078600731,0.170784740529458,-2.44695662315771
4000,0.7,0.2,0.09,0.5,2,2,1,0,100,15,3,8000010,1.00816284275492,0.194576030353452,-2.41760782615441,0.99195397915494,0.219225260107351,-2.45273688293946,0.993920113102207,0.222172362227114,-2.43460748912838,0.991432132570646,0.221832403748443,-2.45269749676579
4000,0.5,0.2,0.09,0.5,2,2,0,0,100,15,3,8000010,1.00816284275492,0.194576030353452,-2.41760782615392,1.01112681540968,0.170189543564489,-2.44696776572183,1.01017890706413,0.160611060124897,-2.43417208425901,1.01105673685414,0.170580606436577,-2.44695239448164
4000,0.7,0.2,0.09,0.5,2,2,0,0,100,15,3,8000010,1.00816284275492,0.194576030353452,-2.41760782615441,0.99195397915494,0.219225260107351,-2.45273688293946,1.00548777869993,0.150462039526791,-2.44160208459155,0.993823585158589,0.212060333505055,-2.45271635392805
4000,0.5,0.2,0.09,0.5,2,2,1,1,100,15,3,8000011,1.00128871265283,0.189539399453881,-2.44229987173653,0.990074824884904,0.224613402483221,-2.44524654999938,0.993681228938148,0.205031159342833,-2.45287529679232,0.990134124495589,0.224514781012623,-2.44522324229492
4000,0.7,0.2,0.09,0.5,2,2,1,1,100,15,3,8000011,1.00128871265283,0.189539399453881,-2.44229987173438,0.994600441030937,0.226103950949651,-2.40222203351104,0.998611297862305,0.19355961125185,-2.44654358757755,0.995825241705823,0.22103381316464,-2.40215985599591
4000,0.5,0.2,0.09,0.5,2,2,0,1,100,15,3,8000011,1.00128871265283,0.189539399453881,-2.44229987173653,0.990074824884904,0.224613402483221,-2.44524654999938,1.00678782322937,0.148648554781041,-2.46107410148442,0.990644926661421,0.222993045828797,-2.44523217517821
4000,0.7,0.2,0.09,0.5,2,2,0,1,100,15,3,8000011,1.00128871265283,0.189539399453881,-2.44229987173438,0.994600441030937,0.226103950949651,-2.40222203351104,1.01331624540292,0.118141747225904,-2.45206849277062,1.000381532603,0.2023832536145,-2.40205053509328
4000,0.5,0.2,0.09,0.5,2,2,1,0,100,15,3,8000011,1.00128871265283,0.189539399453881,-2.44229987173653,0.990074824884904,0.224613402483221,-2.44524654999938,0.993681228938148,0.205031159342833,-2.45287529679232,0.990099845335741,0.224688533424178,-2.44520701849167
4000,0.7,0.2,0.09,0.5,2,2,1,0,100,15,3,8000011,1.00128871265283,0.189539399453881,-2.44229987173438,0.994600441030937,0.226103950949651,-2.40222203351104,0.998611297862305,0.19355961125185,-2.44654358757755,0.995634985288601,0.221936329793996,-2.40215723833722
4000,0.5,0.2,0.09,0.5,2,2,0,0,100,15,3,8000011,1.00128871265283,0.189539399453881,-2.44229987173653,0.990074824884904,0.224613402483221,-2.44524654999938,1.00678782322937,0.148648554781041,-2.46107410148442,0.990561756708249,0.223244389093096,-2.44519560633381
4000,0.7,0.2,0.09,0.5,2,2,0,0,100,15,3,8000011,1.00128871265283,0.189539399453881,-2.44229987173438,0.994600441030937,0.226103950949651,-2.40222203351104,1.01331624540292,0.118141747225904,-2.45206849277062,1.00047303915406,0.201565519542461,-2.40200684884875
4000,0.5,0.2,0.09,0.5,2,2,1,1,100,15,3,8000012,0.986208069889057,0.225846935867667,-2.3715162361127,0.996421922889306,0.198078634525901,-2.34207798330726,0.991114859719861,0.218927997820268,-2.36536010592748,0.996346430661876,0.198401157950392,-2.34207314746154
4000,0.7,0.2,0.09,0.5,2,2,1,1,100,15,3,8000012,0.986208069889057,0.225846935867667,-2.37151623611274,0.986177487957917,0.217121122986692,-2.36790047886508,0.987946958668209,0.22251736891945,-2.3695148978749,0.985912848083212,0.218406134812592,-2.36795705856817
4000,0.5,0.2,0.09,0.5,2,2,0,1,100,15,3,8000012,0.986208069889057,0.225846935867667,-2.3715162361127,0.996421922889306,0.198078634525901,-2.34207798330726,1.00280407641803,0.165408041613593,-2.37175258114597,0.996713005241024,0.197247425868982,-2.34207179805376
4000,0.7,0.2,0.09,0.5,2,2,0,1,100,15,3,8000012,0.986208069889057,0.225846935867667,-2.37151623611274,0.986177487957917,0.217121122986692,-2.36790047886508,0.999538417288648,0.149674774868824,-2.37697783364892,0.988815122105102,0.206582268572281,-2.36792481012543
4000,0.5,0.2,0.09,0.5,2,2,1,0,100,15,3,8000012,0.986208069889057,0.225846935867667,-2.3715162361127,0.996421922889306,0.198078634525901,-2.34207798330726,0.991114859719861,0.218927997820268,-2.36536010592748,0.996358172678808,0.198429582380601,-2.34206319851213
4000,0.7,0.2,0.09,0.5,2,2,1,0,100,15,3,8000012,0.986208069889057,0.225846935867667,-2.37151623611274,0.986177487957917,0.217121122986692,-2.36790047886508,0.987946958668209,0.22251736891945,-2.3695148978749,0.985878516986641,0.21873545988414,-2.36795048619836
4000,0.5,0.2,0.09,0.5,2,2,0,0,100,15,3,8000012,0.986208069889057,0.225846935867667,-2.3715162361127,0.996421922889306,0.198078634525901,-2.34207798330726,1.00280407641803,0.165408041613593,-2.37175258114597,0.996658098743436,0.197447359404543,-2.34205188083699
4000,0.7,0.2,0.09,0.5,2,2,0,0,100,15,3,8000012,0.986208069889057,0.225846935867667,-2.37151623611274,0.986177487957917,0.217121122986692,-2.36790047886508,0.999538417288648,0.149674774868824,-2.37697783364892,0.98888538451441,0.206120372229505,-2.36791378137753
4000,0.5,0.2,0.09,0.5,2,2,1,1,100,15,3,8000013,0.9880245838837,0.228904439012367,-2.40877467878034,0.994209992145807,0.161764857334365,-2.41191862046296,0.986533437683423,0.226058158791125,-2.41068146799927,0.993721312176874,0.163525512952167,-2.41190700007608
4000,0.7,0.2,0.09,0.5,2,2,1,1,100,15,3,8000013,0.9880245838837,0.228904439012367,-2.40877468264689,0.996000855470163,0.164684795239711,-2.36719302335319,0.997700311984694,0.210940974617678,-2.39344666040064,0.994420267343855,0.171417650981606,-2.36718315688034
4000,0.5,0.2,0.09,0.5,2,2,0,1,100,15,3,8000013,0.9880245838837,0.228904439012367,-2.40877467878034,0.994209992145807,0.161764857334365,-2.41191862046296,0.998206632899351,0.163789852169796,-2.43303553106996,0.994295606706253,0.161578927858703,-2.41190696728723
4000,0.7,0.2,0.09,0.5,2,2,0,1,100,15,3,8000013,0.9880245838837,0.228904439012367,-2.40877468264689,0.996000855470163,0.164684795239711,-2.36719302335319,1.01196036016411,0.123932836279976,-2.41121946924989,0.999492428078703,0.149841011891753,-2.36711358237213
4000,0.5,0.2,0.09,0.5,2,2,1,0,100,15,3,8000013,0.9880245838837,0.228904439012367,-2.40877467878034,0.994209992145807,0.161764857334365,-2.41191862046296,0.986533437683423,0.226058158791125,-2.41068146799927,0.993842510525659,0.163289167819846,-2.41189650321579
4000,0.7,0.2,0.09,0.5,2,2,1,0,100,15,3,8000013,0.9880245838837,0.228904439012367,-2.40877468264689,0.996000855470163,0.164684795239711,-2.36719302335319,0.997700311984694,0.210940974617678,-2.39344666040064,0.994402752074337,0.17189070757918,-2.36718257171197
4000,0.5,0.2,0.09,0.5,2,2,0,0,100,15,3,8000013,0.9880245838837,0.228904439012367,-2.40877467878034,0.994209992145807,0.161764857334365,-2.41191862046296,0.998206632899351,0.163789852169796,-2.43303553106996,0.994225557619254,0.161942353746029,-2.4118821962796
4000,0.7,0.2,0.09,0.5,2,2,0,0,100,15,3,8000013,0.9880245838837,0.228904439012367,-2.40877468264689,0.996000855470163,0.164684795239711,-2.36719302335319,1.01196036016411,0.123932836279976,-2.41121946924989,0.999405964738242,0.150352546429881,-2.36710759603311
4000,0.5,0.2,0.09,0.5,2,2,1,1,100,15,3,8000014,1.00185027613903,0.198276707280916,-2.43560543628379,1.00154266735753,0.209436828450863,-2.47302885235123,1.00341189050299,0.197906628458636,-2.43113065169038,1.0014425271428,0.209898888989403,-2.47301615439089
4000,0.7,0.2,0.09,0.5,2,2,1,1,100,15,3,8000014,1.00185027613903,0.198276707280916,-2.43560543614197,0.995142804137613,0.243771276869409,-2.46082429417583,1.0029430679433,0.200511497655852,-2.4314785655281,0.99558033350044,0.2426729171636,-2.46084029117428
4000,0.5,0.2,0.09,0.5,2,2,0,1,100,15,3,8000014,1.00185027613903,0.198276707280916,-2.43560543628379,1.00154266735753,0.209436828450863,-2.47302885235123,1.01533931710127,0.141799123481157,-2.44112625626386,1.00185314606898,0.208736508770596,-2.47303309526424
4000,0.7,0.2,0.09,0.5,2,2,0,1,100,15,3,8000014,1.00185027613903,0.198276707280916,-2.43560543614197,0.995142804137613,0.243771276869409,-2.46082429417583,1.01744271690665,0.119797259115822,-2.4395664854983,0.99935874040891,0.228079508161683,-2.46081553089482
4000,0.5,0.2,0.09,0.5,2,2,1,0,100,15,3,8000014,1.00185027613903,0.198276707280916,-2.43560543628379,1.00154266735753,0.209436828450863,-2.47302885235123,1.00341189050299,0.197906628458636,-2.43113065169038,1.00148735040593,0.209778887748001,-2.47300699998234
4000,0.7,0.2,0.09,0.5,2,2,1,0,100,15,3,8000014,1.00185027613903,0.198276707280916,-2.43560543614197,0.995142804137613,0.243771276869409,-2.46082429417583,1.0029430679433,0.200511497655852,-2.4314785655281,0.995503549809741,0.242980271415848,-2.46083815706757
4000,0.5,0.2,0.09,0.5,2,2,0,0,100,15,3,8000014,1.00185027613903,0.198276707280916,-2.43560543628379,1.00154266735753,0.209436828450863,-2.47302885235123,1.01533931710127,0.141799123481157,-2.44112625626386,1.00183370043787,0.208765457806771,-2.47300497001317
4000,0.7,0.2,0.09,0.5,2,2,0,0,100,15,3,8000014,1.00185027613903,0.198276707280916,-2.43560543614197,0.995142804137613,0.243771276869409,-2.46082429417583,1.01744271690665,0.119797259115822,-2.4395664854983,0.999502644130917,0.226875043035551,-2.4607906530278
4000,0.5,0.2,0.09,0.5,2,2,1,1,100,15,3,8000015,0.997509817170657,0.197822945210472,-2.40685248433988,1.0009970005554,0.20227488754115,-2.42843915845722,1.00070778840709,0.188694512015519,-2.40392751485599,1.00097489724789,0.202517572998886,-2.42843627285993
4000,0.7,0.2,0.09,0.5,2,2,1,1,100,15,3,8000015,0.997509817170657,0.197822945210472,-2.40685248433988,1.02522508791085,0.0899572881808486,-2.40924021002979,1.00237581755891,0.182936968142056,-2.40183048356976,1.02265068755242,0.101755778552503,-2.40926711579663
4000,0.5,0.2,0.09,0.5,2,2,0,1,100,15,3,8000015,0.997509817170657,0.197822945210472,-2.40685248433988,1.0009970005554,0.20227488754115,-2.42843915845722,1.01369143590006,0.133903722272788,-2.41123064096261,1.00151217477874,0.200914341738874,-2.42845340860049
4000,0.7,0.2,0.09,0.5,2,2,0,1,100,15,3,8000015,0.997509817170657,0.197822945210472,-2.40685248433988,1.02522508791085,0.0899572881808486,-2.40924021002979,1.01474611677693,0.111461414276752,-2.41138780365452,1.02411160957711,0.0952654819800166,-2.40930000447278
4000,0.5,0.2,0.09,0.5,2,2,1,0,100,15,3,8000015,0.997509817170657,0.197822945210472,-2.40685248433988,1.0009970005554,0.20227488754115,-2.42843915845722,1.00070778840709,0.188694512015519,-2.40392751485599,1.00098243218201,0.202562689388501,-2.42841287121488
4000,0.7,0.2,0.09,0.5,2,2,1,0,100,15,3,8000015,0.997509817170657,0.197822945210472,-2.40685248433988,1.02522508791085,0.0899572881808486,-2.40924021002979,1.00237581755891,0.182936968142056,-2.40183048356976,1.02316956952878,0.0997835759446292,-2.40925357493288
4000,0.5,0.2,0.09,0.5,2,2,0,0,100,15,3,8000015,0.997509817170657,0.197822945210472,-2.40685248433988,1.0009970005554,0.20227488754115,-2.42843915845722,1.01369143590006,0.133903722272788,-2.41123064096261,1.00144239120748,0.201146971973637,-2.4284154738859
4000,0.7,0.2,0.09,0.5,2,2,0,0,100,15,3,8000015,0.997509817170657,0.197822945210472,-2.40685248433988,1.02522508791085,0.0899572881808486,-2.40924021002979,1.01474611677693,0.111461414276752,-2.41138780365452,1.02406745853028,0.0957052374113867,-2.40929335573828
4000,0.5,0.2,0.09,0.5,2,2,1,1,100,15,3,8000016,1.00769286489897,0.18650738183041,-2.40426329017828,1.00660181557153,0.181668848763297,-2.42499589828586,1.00493276837295,0.194014065375745,-2.40563643740195,1.00642689739363,0.182366027673261,-2.42497698335987
4000,0.7,0.2,0.09,0.5,2,2,1,1,100,15,3,8000016,1.00769286489897,0.18650738183041,-2.4042632907641,1.00454376014465,0.208868424562051,-2.43937185001467,1.00799906252218,0.190367803211513,-2.40132301332879,1.00406061372692,0.21180792811728,-2.4393549707174
4000,0.5,0.2,0.09,0.5,2,2,0,1,100,15,3,8000016,1.00769286489897,0.18650738183041,-2.40426329017828,1.00660181557153,0.181668848763297,-2.42499589828586,1.01580011861369,0.140286682904969,-2.41659990518342,1.00682055146121,0.181173139580812,-2.42498569968411
4000,0.7,0.2,0.09,0.5,2,2,0,1,100,15,3,8000016,1.00769286489897,0.18650738183041,-2.4042632907641,1.00454376014465,0.208868424562051,-2.43937185001467,1.02141384303257,0.113519387702628,-2.40993644639597,1.00784230887916,0.196957696292302,-2.43939438300763
4000,0.5,0.2,0.09,0.5,2,2,1,0,100,15,3,8000016,1.00769286489897,0.18650738183041,-2.40426329017828,1.00660181557153,0.181668848763297,-2.42499589828586,1.00493276837295,0.194014065375745,-2.40563643740195,1.00650727443324,0.182162968542558,-2.42497306116424
4000,0.7,0.2,0.09,0.5,2,2,1,0,100,15,3,8000016,1.00769286489897,0.18650738183041,-2.4042632907641,1.00454376014465,0.208868424562051,-2.43937185001467,1.00799906252218,0.190367803211513,-2.40132301332879,1.00412405024084,0.211519685683612,-2.43935783431474
4000,0.5,0.2,0.09,0.5,2,2,0,0,100,15,3,8000016,1.00769286489897,0.18650738183041,-2.40426329017828,1.00660181557153,0.181668848763297,-2.42499589828586,1.01580011861369,0.140286682904969,-2.41659990518342,1.00677520041676,0.18132810064302,-2.42496053350801
4000,0.7,0.2,0.09,0.5,2,2,0,0,100,15,3,8000016,1.00769286489897,0.18650738183041,-2.4042632907641,1.00454376014465,0.208868424562051,-2.43937185001467,1.02141384303257,0.113519387702628,-2.40993644639597,1.00793105436608,0.196093802257935,-2.43937518439533
4000,0.5,0.2,0.09,0.5,2,2,1,1,100,15,3,8000017,1.01532598654865,0.173942919354854,-2.38887911615595,1.00115779158596,0.228191332627236,-2.39598619462223,1.00657830447887,0.191890404908001,-2.39571935875869,1.0012899941591,0.227859524220675,-2.39597125503359
4000,0.7,0.2,0.09,0.5,2,2,1,1,100,15,3,8000017,1.01532598654865,0.173942919354854,-2.38887911630658,1.02026565662091,0.161200965906438,-2.39815138645102,1.00641181078435,0.196044548279894,-2.39503790518539,1.01934454599559,0.165679391083332,-2.39807668107635
4000,0.5,0.2,0.09,0.5,2,2,0,1,100,15,3,8000017,1.01532598654865,0.173942919354854,-2.38887911615595,1.00115779158596,0.228191332627236,-2.39598619462223,1.02116861321725,0.134481426610888,-2.39863689180018,1.00186628282808,0.226161046017476,-2.39597784135051
4000,0.7,0.2,0.09,0.5,2,2,0,1,100,15,3,8000017,1.01532598654865,0.173942919354854,-2.38887911630658,1.02026565662091,0.161200965906438,-2.39815138645102,1.02164480218991,0.118504726777121,-2.39912220883479,1.02191855244028,0.155313309616246,-2.39812706847312
4000,0.5,0.2,0.09,0.5,2,2,1,0,100,15,3,8000017,1.01532598654865,0.173942919354854,-2.38887911615595,1.00115779158596,0.228191332627236,-2.39598619462223,1.00657830447887,0.191890404908001,-2.39571935875869,1.00123640153174,0.228061358383644,-2.3959584007258
4000,0.7,0.2,0.09,0.5,2,2,1,0,100,15,3,8000017,1.01532598654865,0.173942919354854,-2.38887911630658,1.02026565662091,0.161200965906438,-2.39815138645102,1.00641181078435,0.196044548279894,-2.39503790518539,1.01951809660063,0.165084627916301,-2.39809032379483
4000,0.5,0.2,0.09,0.5,2,2,0,0,100,15,3,8000017,1.01532598654865,0.173942919354854,-2.38887911615595,1.00115779158596,0.228191332627236,-2.39598619462223,1.02116861321725,0.134481426610888,-2.39863689180018,1.00179486646447,0.226341525120121,-2.39594850570301
4000,0.7,0.2,0.09,0.5,2,2,0,0,100,15,3,8000017,1.01532598654865,0.173942919354854,-2.38887911630658,1.02026565662091,0.161200965906438,-2.39815138645102,1.02164480218991,0.118504726777121,-2.39912220883479,1.02198675259241,0.154932467323223,-2.39811550699414
4000,0.5,0.2,0.09,0.5,2,2,1,1,100,15,3,8000018,1.00794426010821,0.191121849461393,-2.40103891676715,0.993716786415119,0.242120123587854,-2.4008567198047,1.00887605708191,0.188813306854004,-2.40052355720084,0.993875846781655,0.241628996020203,-2.40084886479569
4000,0.7,0.2,0.09,0.5,2,2,1,1,100,15,3,8000018,1.00794426010821,0.191121849461393,-2.40103891684823,0.98954162420177,0.283951009967465,-2.44441509396818,1.00602213554762,0.197160248871346,-2.40202212812174,0.99067544857882,0.279907602252046,-2.44453151705961
4000,0.5,0.2,0.09,0.5,2,2,0,1,100,15,3,8000018,1.00794426010821,0.191121849461393,-2.40103891676715,0.993716786415119,0.242120123587854,-2.4008567198047,1.01996375104079,0.140216385883589,-2.40503929858268,0.994352003102311,0.240261566207545,-2.40086305713873
4000,0.7,0.2,0.09,0.5,2,2,0,1,100,15,3,8000018,1.00794426010821,0.191121849461393,-2.40103891684823,0.98954162420177,0.283951009967465,-2.44441509396818,1.01979857015519,0.124384115484022,-2.40546875925199,0.993210618278594,0.270972692109163,-2.44449946013769
4000,0.5,0.2,0.09,0.5,2,2,1,0,100,15,3,8000018,1.00794426010821,0.191121849461393,-2.40103891676715,0.993716786415119,0.242120123587854,-2.4008567198047,1.00887605708191,0.188813306854004,-2.40052355720084,0.993800244719204,0.241881757187182,-2.40082779656502
4000,0.7,0.2,0.09,0.5,2,2,1,0,100,15,3,8000018,1.00794426010821,0.191121849461393,-2.40103891684823,0.98954162420177,0.283951009967465,-2.44441509396818,1.00602213554762,0.197160248871346,-2.40202212812174,0.99054757770738,0.280223223390543,-2.44453364227479
4000,0.5,0.2,0.09,0.5,2,2,0,0,100,15,3,8000018,1.00794426010821,0.191121849461393,-2.40103891676715,0.993716786415119,0.242120123587854,-2.4008567198047,1.01996375104079,0.140216385883589,-2.40503929858268,0.994277982358553,0.240417203257932,-2.4008249115549
4000,0.7,0.2,0.09,0.5,2,2,0,0,100,15,3,8000018,1.00794426010821,0.191121849461393,-2.40103891684823,0.98954162420177,0.283951009967465,-2.44441509396818,1.01979857015519,0.124384115484022,-2.40546875925199,0.993525638246252,0.268800402281615,-2.444493475163
4000,0.5,0.2,0.09,0.5,2,2,1,1,100,15,3,8000019,1.00506257696659,0.200756465520069,-2.41084601678795,1.00924928346761,0.197397539647821,-2.43742358316102,1.00400322920397,0.20511984511307,-2.4106626355708,1.0091218914143,0.197953263665506,-2.43742241832092
4000,0.7,0.2,0.09,0.5,2,2,1,1,100,15,3,8000019,1.00506257696659,0.200756465520069,-2.41084601677755,0.996178132302148,0.239591323236381,-2.44543156307797,1.00055527880111,0.209809494721378,-2.41514198661373,0.996682441674028,0.238058431755865,-2.445545552705
4000,0.5,0.2,0.09,0.5,2,2,0,1,100,15,3,8000019,1.00506257696659,0.200756465520069,-2.41084601678795,1.00924928346761,0.197397539647821,-2.43742358316102,1.01713234242075,0.148849525303632,-2.41716546205381,1.00957398522364,0.196588066133461,-2.4374324323587
4000,0.7,0.2,0.09,0.5,2,2,0,1,100,15,3,8000019,1.00506257696659,0.200756465520069,-2.41084601677755,0.996178132302148,0.239591323236381,-2.44543156307797,1.01456385252467,0.132397872476283,-2.42195281710334,1.00018251912743,0.224446908109746,-2.44547362054198
4000,0.5,0.2,0.09,0.5,2,2,1,0,100,15,3,8000019,1.00506257696659,0.200756465520069,-2.41084601678795,1.00924928346761,0.197397539647821,-2.43742358316102,1.00400322920397,0.20511984511307,-2.4106626355708,1.00917540670372,0.197812701328826,-2.43741084041139
4000,0.7,0.2,0.09,0.5,2,2,1,0,100,15,3,8000019,1.00506257696659,0.200756465520069,-2.41084601677755,0.996178132302148,0.239591323236381,-2.44543156307797,1.00055527880111,0.209809494721378,-2.41514198661373,0.996614067835511,0.238392890362953,-2.44552869562887
4000,0.5,0.2,0.09,0.5,2,2,0,0,100,15,3,8000019,1.00506257696659,0.200756465520069,-2.41084601678795,1.00924928346761,0.197397539647821,-2.43742358316102,1.01713234242075,0.148849525303632,-2.41716546205381,1.00953824448518,0.196696586827844,-2.43741221321283
4000,0.7,0.2,0.09,0.5,2,2,0,0,100,15,3,8000019,1.00506257696659,0.200756465520069,-2.41084601677755,0.996178132302148,0.239591323236381,-2.44543156307797,1.01456385252467,0.132397872476283,-2.42195281710334,1.00032680598534,0.223418746087445,-2.44545566110416
4000,0.5,0.2,0.09,0.5,2,2,1,1,100,15,3,8000020,1.00842577436164,0.186700946921766,-2.37194957253635,1.00440924739031,0.208838466112205,-2.37663680730067,1.00711744359713,0.190643100555767,-2.37258101267687,1.00434021741928,0.209174834257624,-2.3765964742977
4000,0.7,0.2,0.09,0.5,2,2,1,1,100,15,3,8000020,1.00842577436164,0.186700946921766,-2.37194956789458,0.988829070816263,0.269502016382022,-2.34895860067686,0.999642744172604,0.201632100425299,-2.38143278723834,0.989993311177607,0.265075512887892,-2.34871976648769
4000,0.5,0.2,0.09,0.5,2,2,0,1,100,15,3,8000020,1.00842577436164,0.186700946921766,-2.37194957253635,1.00440924739031,0.208838466112205,-2.37663680730067,1.01820591298172,0.139833768103313,-2.37913892600615,1.00466922215859,0.20826818292424,-2.37660174702979
4000,0.7,0.2,0.09,0.5,2,2,0,1,100,15,3,8000020,1.00842577436164,0.186700946921766,-2.37194956789458,0.988829070816263,0.269502016382022,-2.34895860067686,1.01485041029527,0.124848321127265,-2.38425297074229,0.993651122907503,0.251067731058988,-2.34879527673118
4000,0.5,0.2,0.09,0.5,2,2,1,0,100,15,3,8000020,1.00842577436164,0.186700946921766,-2.37194957253635,1.00440924739031,0.208838466112205,-2.37663680730067,1.00711744359713,0.190643100555767,-2.37258101267687,1.00438696445235,0.209037893982589,-2.37659725970346
4000,0.7,0.2,0.09,0.5,2,2,1,0,100,15,3,8000020,1.00842577436164,0.186700946921766,-2.37194956789458,0.988829070816263,0.269502016382022,-2.34895860067686,0.999642744172604,0.201632100425299,-2.38143278723834,0.989857143776006,0.265414868511662,-2.3487212714275
4000,0.5,0.2,0.09,0.5,2,2,0,0,100,15,3,8000020,1.00842577436164,0.186700946921766,-2.37194957253635,1.00440924739031,0.208838466112205,-2.37663680730067,1.01820591298172,0.139833768103313,-2.37913892600615,1.00466774902586,0.208225471366384,-2.37656836457247
4000,0.7,0.2,0.09,0.5,2,2,0,0,100,15,3,8000020,1.00842577436164,0.186700946921766,-2.37194956789458,0.988829070816263,0.269502016382022,-2.34895860067686,1.01485041029527,0.124848321127265,-2.38425297074229,0.993900926010763,0.249206585217852,-2.34871465136915
